two solutions: 295743861431865900876192543387459216612387495549216738763534189928671354154938600


947581263358296741162743958516432897783159624294867315821975436435628179679314582
947581263358296741162743958516432897783159624294867315821975436439618572675324189
947581263358296741162743958516432897783159624294867315821975436679314582435628179
947581263358296741162743958516432897783159624294867315821975436675324189439618572
947581263358296741162743958516432897783159624294867315821974536435628179679315482
947581263358296741162743958516432897783159624294867315821974536679315482435628179
947581263358296741162743958516432897783159624294867315821675439435928176679314582
947581263358296741162743958516432897783159624294867315821675439679314582435928176
947581263358296741162743958516432897783159624294867315821674539479325186635918472
947581263358296741162743958516432897783159624294867315821674539435928176679315482
947581263358296741162743958516432897783159624294867315821674539635918472479325186
947581263358296741162743958516432897783159624294867315821674539679315482435928176
947581263358296741162743958516432897783159624294867315829314576631975482475628139
947581263358296741162743958516432897783159624294867315829314576475628139631975482
947581263358296741162743958516432897783159624294867315829315476471628539635974182
947581263358296741162743958516432897783159624294867315829315476475628139631974582
947581263358296741162743958516432897783159624294867315829315476631974582475628139
947581263358296741162743958516432897783159624294867315829315476635974182471628539
947581263358296741162743958516432897783159624294867315825674139679315482431928576
947581263358296741162743958516432897783159624294867315825674139431928576679315482
947581263358296741162743958516432897783159624294867315825974136671325489439618572
947581263358296741162743958516432897783159624294867315825974136679315482431628579
947581263358296741162743958516432897783159624294867315825974136439618572671325489
947581263358296741162743958516432897783159624294867315825974136431628579679315482
947581263358296741162743958516432897783159624294867315875624139429318576631975482
947581263358296741162743958516432897783159624294867315875624139631975482429318576
947581263358296741162743958516432897783159624294867315875924136439618572621375489
947581263358296741162743958516432897783159624294867315875924136621375489439618572
947581263358296741162743958516432897783159624294867315871624539429375186635918472
947581263358296741162743958516432897783159624294867315871624539635918472429375186
947581263358296741162743958516432897783159624294867315871625439635974182429318576
947581263358296741162743958516432897783159624294867315871625439429318576635974182
947581263358296741162743958516432897783159624294867315871924536625318479439675182
947581263358296741162743958516432897783159624294867315871924536439675182625318479
947581263358296741162743958516432897783159624294867315871925436625374189439618572
947581263358296741162743958516432897783159624294867315871925436439618572625374189
947581263358296741162743958516432897783159624294867315879614532621375489435928176
947581263358296741162743958516432897783159624294867315879614532435928176621375489
947581263358296741162743958516432897783159624294867315879615432621374589435928176
947581263358296741162743958516432897783159624294867315879615432625374189431928576
947581263358296741162743958516432897783159624294867315879615432431928576625374189
947581263358296741162743958516432897783159624294867315879615432435928176621374589
947581263358296741162743958516432897783159624294867315839615472621374589475928136
947581263358296741162743958516432897783159624294867315839615472625374189471928536
947581263358296741162743958516432897783159624294867315839615472675324189421978536
947581263358296741162743958516432897783159624294867315839615472671324589425978136
947581263358296741162743958516432897783159624294867315839615472421978536675324189
947581263358296741162743958516432897783159624294867315839615472425978136671324589
947581263358296741162743958516432897783159624294867315839615472471928536625374189
947581263358296741162743958516432897783159624294867315839615472475928136621374589
947581263358296741162743958516432897783159624294867315839614572621375489475928136
947581263358296741162743958516432897783159624294867315839614572671325489425978136
947581263358296741162743958516432897783159624294867315839614572425978136671325489
947581263358296741162743958516432897783159624294867315839614572475928136621375489
947581263358296741162743958516432897783159624294867315835624179679315482421978536
947581263358296741162743958516432897783159624294867315835624179421978536679315482
947581263358296741162743958516432897783159624294867315835924176421678539679315482
947581263358296741162743958516432897783159624294867315835924176479618532621375489
947581263358296741162743958516432897783159624294867315835924176679315482421678539
947581263358296741162743958516432897783159624294867315835924176621375489479618532
947581263358296741162743958516432897783159624294867315831925476479618532625374189
947581263358296741162743958516432897783159624294867315831925476425678139679314582
947581263358296741162743958516432897783159624294867315831925476679314582425678139
947581263358296741162743958516432897783159624294867315831925476625374189479618532
947581263358296741162743958516432897783159624294867315831924576679315482425678139
947581263358296741162743958516432897783159624294867315831924576425678139679315482
947581263358296741162743958516432897783159624294867315831625479679314582425978136
947581263358296741162743958516432897783159624294867315831625479425978136679314582
947581263358296741162743958516432897783159624294867315831624579425978136679315482
947581263358296741162743958516432897783159624294867315831624579429375186675918432
947581263358296741162743958516432897783159624294867315831624579679315482425978136
947581263358296741162743958516432897783159624294867315831624579675918432429375186
947581263358296741162743958516432897783159624294867315475628139829314576631975482
947581263358296741162743958516432897783159624294867315475628139829315476631974582
947581263358296741162743958516432897783159624294867315475628139631975482829314576
947581263358296741162743958516432897783159624294867315475628139631974582829315476
947581263358296741162743958516432897783159624294867315475928136839614572621375489
947581263358296741162743958516432897783159624294867315475928136839615472621374589
947581263358296741162743958516432897783159624294867315475928136621375489839614572
947581263358296741162743958516432897783159624294867315475928136621374589839615472
947581263358296741162743958516432897783159624294867315479325186821674539635918472
947581263358296741162743958516432897783159624294867315479325186635918472821674539
947581263358296741162743958516432897783159624294867315479618532625374189831925476
947581263358296741162743958516432897783159624294867315479618532621375489835924176
947581263358296741162743958516432897783159624294867315479618532835924176621375489
947581263358296741162743958516432897783159624294867315479618532831925476625374189
947581263358296741162743958516432897783159624294867315471628539635974182829315476
947581263358296741162743958516432897783159624294867315471628539829315476635974182
947581263358296741162743958516432897783159624294867315471928536839615472625374189
947581263358296741162743958516432897783159624294867315471928536625374189839615472
947581263358296741162743958516432897783159624294867315431628579679315482825974136
947581263358296741162743958516432897783159624294867315431628579825974136679315482
947581263358296741162743958516432897783159624294867315431928576825674139679315482
947581263358296741162743958516432897783159624294867315431928576879615432625374189
947581263358296741162743958516432897783159624294867315431928576679315482825674139
947581263358296741162743958516432897783159624294867315431928576625374189879615432
947581263358296741162743958516432897783159624294867315435628179821974536679315482
947581263358296741162743958516432897783159624294867315435628179821975436679314582
947581263358296741162743958516432897783159624294867315435628179679314582821975436
947581263358296741162743958516432897783159624294867315435628179679315482821974536
947581263358296741162743958516432897783159624294867315435928176621375489879614532
947581263358296741162743958516432897783159624294867315435928176621374589879615432
947581263358296741162743958516432897783159624294867315435928176679314582821675439
947581263358296741162743958516432897783159624294867315435928176679315482821674539
947581263358296741162743958516432897783159624294867315435928176821675439679314582
947581263358296741162743958516432897783159624294867315435928176821674539679315482
947581263358296741162743958516432897783159624294867315435928176879614532621375489
947581263358296741162743958516432897783159624294867315435928176879615432621374589
947581263358296741162743958516432897783159624294867315439675182625318479871924536
947581263358296741162743958516432897783159624294867315439675182871924536625318479
947581263358296741162743958516432897783159624294867315439618572821975436675324189
947581263358296741162743958516432897783159624294867315439618572825974136671325489
947581263358296741162743958516432897783159624294867315439618572871925436625374189
947581263358296741162743958516432897783159624294867315439618572875924136621375489
947581263358296741162743958516432897783159624294867315439618572675324189821975436
947581263358296741162743958516432897783159624294867315439618572671325489825974136
947581263358296741162743958516432897783159624294867315439618572621375489875924136
947581263358296741162743958516432897783159624294867315439618572625374189871925436
947581263358296741162743958516432897783159624294867315425978136839614572671325489
947581263358296741162743958516432897783159624294867315425978136839615472671324589
947581263358296741162743958516432897783159624294867315425978136831625479679314582
947581263358296741162743958516432897783159624294867315425978136831624579679315482
947581263358296741162743958516432897783159624294867315425978136671324589839615472
947581263358296741162743958516432897783159624294867315425978136671325489839614572
947581263358296741162743958516432897783159624294867315425978136679314582831625479
947581263358296741162743958516432897783159624294867315425978136679315482831624579
947581263358296741162743958516432897783159624294867315425678139831925476679314582
947581263358296741162743958516432897783159624294867315425678139831924576679315482
947581263358296741162743958516432897783159624294867315425678139679314582831925476
947581263358296741162743958516432897783159624294867315425678139679315482831924576
947581263358296741162743958516432897783159624294867315429318576631975482875624139
947581263358296741162743958516432897783159624294867315429318576635974182871625439
947581263358296741162743958516432897783159624294867315429318576871625439635974182
947581263358296741162743958516432897783159624294867315429318576875624139631975482
947581263358296741162743958516432897783159624294867315429375186635918472871624539
947581263358296741162743958516432897783159624294867315429375186675918432831624579
947581263358296741162743958516432897783159624294867315429375186831624579675918432
947581263358296741162743958516432897783159624294867315429375186871624539635918472
947581263358296741162743958516432897783159624294867315421678539679315482835924176
947581263358296741162743958516432897783159624294867315421678539835924176679315482
947581263358296741162743958516432897783159624294867315421978536679315482835624179
947581263358296741162743958516432897783159624294867315421978536675324189839615472
947581263358296741162743958516432897783159624294867315421978536839615472675324189
947581263358296741162743958516432897783159624294867315421978536835624179679315482
947581263358296741162743958516432897783159624294867315631975482429318576875624139
947581263358296741162743958516432897783159624294867315631975482475628139829314576
947581263358296741162743958516432897783159624294867315631975482829314576475628139
947581263358296741162743958516432897783159624294867315631975482875624139429318576
947581263358296741162743958516432897783159624294867315631974582829315476475628139
947581263358296741162743958516432897783159624294867315631974582475628139829315476
947581263358296741162743958516432897783159624294867315635974182871625439429318576
947581263358296741162743958516432897783159624294867315635974182829315476471628539
947581263358296741162743958516432897783159624294867315635974182429318576871625439
947581263358296741162743958516432897783159624294867315635974182471628539829315476
947581263358296741162743958516432897783159624294867315635918472871624539429375186
947581263358296741162743958516432897783159624294867315635918472821674539479325186
947581263358296741162743958516432897783159624294867315635918472429375186871624539
947581263358296741162743958516432897783159624294867315635918472479325186821674539
947581263358296741162743958516432897783159624294867315625318479439675182871924536
947581263358296741162743958516432897783159624294867315625318479871924536439675182
947581263358296741162743958516432897783159624294867315625374189479618532831925476
947581263358296741162743958516432897783159624294867315625374189471928536839615472
947581263358296741162743958516432897783159624294867315625374189439618572871925436
947581263358296741162743958516432897783159624294867315625374189431928576879615432
947581263358296741162743958516432897783159624294867315625374189871925436439618572
947581263358296741162743958516432897783159624294867315625374189879615432431928576
947581263358296741162743958516432897783159624294867315625374189839615472471928536
947581263358296741162743958516432897783159624294867315625374189831925476479618532
947581263358296741162743958516432897783159624294867315621374589839615472475928136
947581263358296741162743958516432897783159624294867315621374589879615432435928176
947581263358296741162743958516432897783159624294867315621374589475928136839615472
947581263358296741162743958516432897783159624294867315621374589435928176879615432
947581263358296741162743958516432897783159624294867315621375489439618572875924136
947581263358296741162743958516432897783159624294867315621375489435928176879614532
947581263358296741162743958516432897783159624294867315621375489479618532835924176
947581263358296741162743958516432897783159624294867315621375489475928136839614572
947581263358296741162743958516432897783159624294867315621375489879614532435928176
947581263358296741162743958516432897783159624294867315621375489875924136439618572
947581263358296741162743958516432897783159624294867315621375489839614572475928136
947581263358296741162743958516432897783159624294867315621375489835924176479618532
947581263358296741162743958516432897783159624294867315675918432831624579429375186
947581263358296741162743958516432897783159624294867315675918432429375186831624579
947581263358296741162743958516432897783159624294867315675324189839615472421978536
947581263358296741162743958516432897783159624294867315675324189821975436439618572
947581263358296741162743958516432897783159624294867315675324189439618572821975436
947581263358296741162743958516432897783159624294867315675324189421978536839615472
947581263358296741162743958516432897783159624294867315671325489425978136839614572
947581263358296741162743958516432897783159624294867315671325489439618572825974136
947581263358296741162743958516432897783159624294867315671325489825974136439618572
947581263358296741162743958516432897783159624294867315671325489839614572425978136
947581263358296741162743958516432897783159624294867315671324589839615472425978136
947581263358296741162743958516432897783159624294867315671324589425978136839615472
947581263358296741162743958516432897783159624294867315679315482821674539435928176
947581263358296741162743958516432897783159624294867315679315482821974536435628179
947581263358296741162743958516432897783159624294867315679315482825674139431928576
947581263358296741162743958516432897783159624294867315679315482825974136431628579
947581263358296741162743958516432897783159624294867315679315482835924176421678539
947581263358296741162743958516432897783159624294867315679315482835624179421978536
947581263358296741162743958516432897783159624294867315679315482831924576425678139
947581263358296741162743958516432897783159624294867315679315482831624579425978136
947581263358296741162743958516432897783159624294867315679315482421978536835624179
947581263358296741162743958516432897783159624294867315679315482421678539835924176
947581263358296741162743958516432897783159624294867315679315482425678139831924576
947581263358296741162743958516432897783159624294867315679315482425978136831624579
947581263358296741162743958516432897783159624294867315679315482435628179821974536
947581263358296741162743958516432897783159624294867315679315482435928176821674539
947581263358296741162743958516432897783159624294867315679315482431628579825974136
947581263358296741162743958516432897783159624294867315679315482431928576825674139
947581263358296741162743958516432897783159624294867315679314582821975436435628179
947581263358296741162743958516432897783159624294867315679314582821675439435928176
947581263358296741162743958516432897783159624294867315679314582831925476425678139
947581263358296741162743958516432897783159624294867315679314582831625479425978136
947581263358296741162743958516432897783159624294867315679314582425978136831625479
947581263358296741162743958516432897783159624294867315679314582425678139831925476
947581263358296741162743958516432897783159624294867315679314582435628179821975436
947581263358296741162743958516432897783159624294867315679314582435928176821675439
947581263358296741162743958516432897783159624294867135671325489825974316439618572
947581263358296741162743958516432897783159624294867135671325489825914376439678512
947581263358296741162743958516432897783159624294867135671325489839674512425918376
947581263358296741162743958516432897783159624294867135671325489839614572425978316
947581263358296741162743958516432897783159624294867135671325489439678512825914376
947581263358296741162743958516432897783159624294867135671325489439618572825974316
947581263358296741162743958516432897783159624294867135671325489425918376839674512
947581263358296741162743958516432897783159624294867135671325489425978316839614572
947581263358296741162743958516432897783159624294867135671324589425978316839615472
947581263358296741162743958516432897783159624294867135671324589425918376839675412
947581263358296741162743958516432897783159624294867135671324589839615472425978316
947581263358296741162743958516432897783159624294867135671324589839675412425918376
947581263358296741162743958516432897783159624294867135675328419839614572421975386
947581263358296741162743958516432897783159624294867135675328419421975386839614572
947581263358296741162743958516432897783159624294867135675914382429378516831625479
947581263358296741162743958516432897783159624294867135675914382431628579829375416
947581263358296741162743958516432897783159624294867135675914382829375416431628579
947581263358296741162743958516432897783159624294867135675914382831625479429378516
947581263358296741162743958516432897783159624294867135679314582425678319831925476
947581263358296741162743958516432897783159624294867135679314582425978316831625479
947581263358296741162743958516432897783159624294867135679314582831625479425978316
947581263358296741162743958516432897783159624294867135679314582831925476425678319
947581263358296741162743958516432897783159624294867135679315482825674319431928576
947581263358296741162743958516432897783159624294867135679315482825974316431628579
947581263358296741162743958516432897783159624294867135679315482831924576425678319
947581263358296741162743958516432897783159624294867135679315482831624579425978316
947581263358296741162743958516432897783159624294867135679315482425978316831624579
947581263358296741162743958516432897783159624294867135679315482425678319831924576
947581263358296741162743958516432897783159624294867135679315482431628579825974316
947581263358296741162743958516432897783159624294867135679315482431928576825674319
947581263358296741162743958516432897783159624294867135635978412471625389829314576
947581263358296741162743958516432897783159624294867135635978412829314576471625389
947581263358296741162743958516432897783159624294867135635918472471625389829374516
947581263358296741162743958516432897783159624294867135635918472421675389879324516
947581263358296741162743958516432897783159624294867135635918472829374516471625389
947581263358296741162743958516432897783159624294867135635918472879324516421675389
947581263358296741162743958516432897783159624294867135631975482829314576475628319
947581263358296741162743958516432897783159624294867135631975482825614379479328516
947581263358296741162743958516432897783159624294867135631975482875624319429318576
947581263358296741162743958516432897783159624294867135631975482879324516425618379
947581263358296741162743958516432897783159624294867135631975482475628319829314576
947581263358296741162743958516432897783159624294867135631975482479328516825614379
947581263358296741162743958516432897783159624294867135631975482425618379879324516
947581263358296741162743958516432897783159624294867135631975482429318576875624319
947581263358296741162743958516432897783159624294867135631974582879325416425618379
947581263358296741162743958516432897783159624294867135631974582829315476475628319
947581263358296741162743958516432897783159624294867135631974582425618379879325416
947581263358296741162743958516432897783159624294867135631974582475628319829315476
947581263358296741162743958516432897783159624294867135621375489839614572475928316
947581263358296741162743958516432897783159624294867135621375489875924316439618572
947581263358296741162743958516432897783159624294867135621375489439618572875924316
947581263358296741162743958516432897783159624294867135621375489475928316839614572
947581263358296741162743958516432897783159624294867135621374589475928316839615472
947581263358296741162743958516432897783159624294867135621374589839615472475928316
947581263358296741162743958516432897783159624294867135625318479839674512471925386
947581263358296741162743958516432897783159624294867135625318479471925386839674512
947581263358296741162743958516432897783159624294867135625378419479615382831924576
947581263358296741162743958516432897783159624294867135625378419471925386839614572
947581263358296741162743958516432897783159624294867135625378419831924576479615382
947581263358296741162743958516432897783159624294867135625378419839614572471925386
947581263358296741162743958516432897783159624294867135831624579425978316679315482
947581263358296741162743958516432897783159624294867135831624579679315482425978316
947581263358296741162743958516432897783159624294867135831625479429378516675914382
947581263358296741162743958516432897783159624294867135831625479425978316679314582
947581263358296741162743958516432897783159624294867135831625479675914382429378516
947581263358296741162743958516432897783159624294867135831625479679314582425978316
947581263358296741162743958516432897783159624294867135831924576425678319679315482
947581263358296741162743958516432897783159624294867135831924576479615382625378419
947581263358296741162743958516432897783159624294867135831924576625378419479615382
947581263358296741162743958516432897783159624294867135831924576679315482425678319
947581263358296741162743958516432897783159624294867135831925476425678319679314582
947581263358296741162743958516432897783159624294867135831925476679314582425678319
947581263358296741162743958516432897783159624294867135839674512471925386625318479
947581263358296741162743958516432897783159624294867135839674512425918376671325489
947581263358296741162743958516432897783159624294867135839674512671325489425918376
947581263358296741162743958516432897783159624294867135839674512625318479471925386
947581263358296741162743958516432897783159624294867135839675412425918376671324589
947581263358296741162743958516432897783159624294867135839675412671324589425918376
947581263358296741162743958516432897783159624294867135839614572425978316671325489
947581263358296741162743958516432897783159624294867135839614572421975386675328419
947581263358296741162743958516432897783159624294867135839614572471925386625378419
947581263358296741162743958516432897783159624294867135839614572475928316621375489
947581263358296741162743958516432897783159624294867135839614572671325489425978316
947581263358296741162743958516432897783159624294867135839614572675328419421975386
947581263358296741162743958516432897783159624294867135839614572625378419471925386
947581263358296741162743958516432897783159624294867135839614572621375489475928316
947581263358296741162743958516432897783159624294867135839615472475928316621374589
947581263358296741162743958516432897783159624294867135839615472425978316671324589
947581263358296741162743958516432897783159624294867135839615472671324589425978316
947581263358296741162743958516432897783159624294867135839615472621374589475928316
947581263358296741162743958516432897783159624294867135875924316621375489439618572
947581263358296741162743958516432897783159624294867135875924316439618572621375489
947581263358296741162743958516432897783159624294867135875624319429318576631975482
947581263358296741162743958516432897783159624294867135875624319631975482429318576
947581263358296741162743958516432897783159624294867135879324516425618379631975482
947581263358296741162743958516432897783159624294867135879324516421675389635918472
947581263358296741162743958516432897783159624294867135879324516631975482425618379
947581263358296741162743958516432897783159624294867135879324516635918472421675389
947581263358296741162743958516432897783159624294867135879325416631974582425618379
947581263358296741162743958516432897783159624294867135879325416425618379631974582
947581263358296741162743958516432897783159624294867135829314576635978412471625389
947581263358296741162743958516432897783159624294867135829314576631975482475628319
947581263358296741162743958516432897783159624294867135829314576471625389635978412
947581263358296741162743958516432897783159624294867135829314576475628319631975482
947581263358296741162743958516432897783159624294867135829315476631974582475628319
947581263358296741162743958516432897783159624294867135829315476475628319631974582
947581263358296741162743958516432897783159624294867135829375416675914382431628579
947581263358296741162743958516432897783159624294867135829375416431628579675914382
947581263358296741162743958516432897783159624294867135829374516471625389635918472
947581263358296741162743958516432897783159624294867135829374516635918472471625389
947581263358296741162743958516432897783159624294867135825674319431928576679315482
947581263358296741162743958516432897783159624294867135825674319679315482431928576
947581263358296741162743958516432897783159624294867135825614379479328516631975482
947581263358296741162743958516432897783159624294867135825614379631975482479328516
947581263358296741162743958516432897783159624294867135825914376439678512671325489
947581263358296741162743958516432897783159624294867135825914376671325489439678512
947581263358296741162743958516432897783159624294867135825974316679315482431628579
947581263358296741162743958516432897783159624294867135825974316671325489439618572
947581263358296741162743958516432897783159624294867135825974316431628579679315482
947581263358296741162743958516432897783159624294867135825974316439618572671325489
947581263358296741162743958516432897783159624294867135421975386839614572675328419
947581263358296741162743958516432897783159624294867135421975386675328419839614572
947581263358296741162743958516432897783159624294867135421675389879324516635918472
947581263358296741162743958516432897783159624294867135421675389635918472879324516
947581263358296741162743958516432897783159624294867135425978316671325489839614572
947581263358296741162743958516432897783159624294867135425978316671324589839615472
947581263358296741162743958516432897783159624294867135425978316679315482831624579
947581263358296741162743958516432897783159624294867135425978316679314582831625479
947581263358296741162743958516432897783159624294867135425978316839615472671324589
947581263358296741162743958516432897783159624294867135425978316839614572671325489
947581263358296741162743958516432897783159624294867135425978316831624579679315482
947581263358296741162743958516432897783159624294867135425978316831625479679314582
947581263358296741162743958516432897783159624294867135425918376671324589839675412
947581263358296741162743958516432897783159624294867135425918376671325489839674512
947581263358296741162743958516432897783159624294867135425918376839675412671324589
947581263358296741162743958516432897783159624294867135425918376839674512671325489
947581263358296741162743958516432897783159624294867135425678319679315482831924576
947581263358296741162743958516432897783159624294867135425678319679314582831925476
947581263358296741162743958516432897783159624294867135425678319831925476679314582
947581263358296741162743958516432897783159624294867135425678319831924576679315482
947581263358296741162743958516432897783159624294867135425618379631974582879325416
947581263358296741162743958516432897783159624294867135425618379631975482879324516
947581263358296741162743958516432897783159624294867135425618379879325416631974582
947581263358296741162743958516432897783159624294867135425618379879324516631975482
947581263358296741162743958516432897783159624294867135429378516831625479675914382
947581263358296741162743958516432897783159624294867135429378516675914382831625479
947581263358296741162743958516432897783159624294867135429318576875624319631975482
947581263358296741162743958516432897783159624294867135429318576631975482875624319
947581263358296741162743958516432897783159624294867135479328516825614379631975482
947581263358296741162743958516432897783159624294867135479328516631975482825614379
947581263358296741162743958516432897783159624294867135479615382625378419831924576
947581263358296741162743958516432897783159624294867135479615382831924576625378419
947581263358296741162743958516432897783159624294867135471625389635978412829314576
947581263358296741162743958516432897783159624294867135471625389635918472829374516
947581263358296741162743958516432897783159624294867135471625389829314576635978412
947581263358296741162743958516432897783159624294867135471625389829374516635918472
947581263358296741162743958516432897783159624294867135471925386839674512625318479
947581263358296741162743958516432897783159624294867135471925386839614572625378419
947581263358296741162743958516432897783159624294867135471925386625378419839614572
947581263358296741162743958516432897783159624294867135471925386625318479839674512
947581263358296741162743958516432897783159624294867135475628319829314576631975482
947581263358296741162743958516432897783159624294867135475628319829315476631974582
947581263358296741162743958516432897783159624294867135475628319631975482829314576
947581263358296741162743958516432897783159624294867135475628319631974582829315476
947581263358296741162743958516432897783159624294867135475928316621374589839615472
947581263358296741162743958516432897783159624294867135475928316621375489839614572
947581263358296741162743958516432897783159624294867135475928316839615472621374589
947581263358296741162743958516432897783159624294867135475928316839614572621375489
947581263358296741162743958516432897783159624294867135431628579825974316679315482
947581263358296741162743958516432897783159624294867135431628579829375416675914382
947581263358296741162743958516432897783159624294867135431628579679315482825974316
947581263358296741162743958516432897783159624294867135431628579675914382829375416
947581263358296741162743958516432897783159624294867135431928576679315482825674319
947581263358296741162743958516432897783159624294867135431928576825674319679315482
947581263358296741162743958516432897783159624294867135439678512671325489825914376
947581263358296741162743958516432897783159624294867135439678512825914376671325489
947581263358296741162743958516432897783159624294867135439618572875924316621375489
947581263358296741162743958516432897783159624294867135439618572825974316671325489
947581263358296741162743958516432897783159624294867135439618572621375489875924316
947581263358296741162743958516432897783159624294867135439618572671325489825974316
947581263358296741162743958516432897783159624294678315831925476679814532425367189
947581263358296741162743958516432897783159624294678315831925476679314582425867139
947581263358296741162743958516432897783159624294678315831925476425367189679814532
947581263358296741162743958516432897783159624294678315831925476425867139679314582
947581263358296741162743958516432897783159624294678315831924576625817439479365182
947581263358296741162743958516432897783159624294678315831924576625317489479865132
947581263358296741162743958516432897783159624294678315831924576679815432425367189
947581263358296741162743958516432897783159624294678315831924576679315482425867139
947581263358296741162743958516432897783159624294678315831924576425367189679815432
947581263358296741162743958516432897783159624294678315831924576425867139679315482
947581263358296741162743958516432897783159624294678315831924576479865132625317489
947581263358296741162743958516432897783159624294678315831924576479365182625817439
947581263358296741162743958516432897783159624294678315831964572625817439479325186
947581263358296741162743958516432897783159624294678315831964572625317489479825136
947581263358296741162743958516432897783159624294678315831964572479325186625817439
947581263358296741162743958516432897783159624294678315831964572479825136625317489
947581263358296741162743958516432897783159624294678315831965472675824139429317586
947581263358296741162743958516432897783159624294678315831965472675324189429817536
947581263358296741162743958516432897783159624294678315831965472429817536675324189
947581263358296741162743958516432897783159624294678315831965472429317586675824139
947581263358296741162743958516432897783159624294678315835964172671825439429317586
947581263358296741162743958516432897783159624294678315835964172671325489429817536
947581263358296741162743958516432897783159624294678315835964172429817536671325489
947581263358296741162743958516432897783159624294678315835964172429317586671825439
947581263358296741162743958516432897783159624294678315835924176421867539679315482
947581263358296741162743958516432897783159624294678315835924176421367589679815432
947581263358296741162743958516432897783159624294678315835924176679315482421867539
947581263358296741162743958516432897783159624294678315835924176679815432421367589
947581263358296741162743958516432897783159624294678315829315476435967182671824539
947581263358296741162743958516432897783159624294678315829315476431967582675824139
947581263358296741162743958516432897783159624294678315829315476675824139431967582
947581263358296741162743958516432897783159624294678315829315476671824539435967182
947581263358296741162743958516432897783159624294678315829314576671825439435967182
947581263358296741162743958516432897783159624294678315829314576435967182671825439
947581263358296741162743958516432897783159624294678315821365479435927186679814532
947581263358296741162743958516432897783159624294678315821365479679814532435927186
947581263358296741162743958516432897783159624294678315821364579435927186679815432
947581263358296741162743958516432897783159624294678315821364579479825136635917482
947581263358296741162743958516432897783159624294678315821364579679815432435927186
947581263358296741162743958516432897783159624294678315821364579635917482479825136
947581263358296741162743958516432897783159624294678315825364179679815432431927586
947581263358296741162743958516432897783159624294678315825364179431927586679815432
947581263358296741162743958516432897783159624294678315825917436479365182631824579
947581263358296741162743958516432897783159624294678315825917436439865172671324589
947581263358296741162743958516432897783159624294678315825917436631824579479365182
947581263358296741162743958516432897783159624294678315825917436671324589439865172
947581263358296741162743958516432897783159624294678315871925436639814572425367189
947581263358296741162743958516432897783159624294678315871925436425367189639814572
947581263358296741162743958516432897783159624294678315871924536425367189639815472
947581263358296741162743958516432897783159624294678315871924536439865172625317489
947581263358296741162743958516432897783159624294678315871924536625317489439865172
947581263358296741162743958516432897783159624294678315871924536639815472425367189
947581263358296741162743958516432897783159624294678315871964532439825176625317489
947581263358296741162743958516432897783159624294678315871964532625317489439825176
947581263358296741162743958516432897783159624294678315871965432635824179429317586
947581263358296741162743958516432897783159624294678315871965432429317586635824179
947581263358296741162743958516432897783159624294678315875924136639815472421367589
947581263358296741162743958516432897783159624294678315875924136421367589639815472
947581263358296741162743958516432897783159624294678315875964132631825479429317586
947581263358296741162743958516432897783159624294678315875964132429317586631825479
947581263358296741162743958516432897783159624294678315679314582425867139831925476
947581263358296741162743958516432897783159624294678315679314582831925476425867139
947581263358296741162743958516432897783159624294678315679315482425867139831924576
947581263358296741162743958516432897783159624294678315679315482421867539835924176
947581263358296741162743958516432897783159624294678315679315482835924176421867539
947581263358296741162743958516432897783159624294678315679315482831924576425867139
947581263358296741162743958516432897783159624294678315679814532821365479435927186
947581263358296741162743958516432897783159624294678315679814532831925476425367189
947581263358296741162743958516432897783159624294678315679814532425367189831925476
947581263358296741162743958516432897783159624294678315679814532435927186821365479
947581263358296741162743958516432897783159624294678315679815432825364179431927586
947581263358296741162743958516432897783159624294678315679815432821364579435927186
947581263358296741162743958516432897783159624294678315679815432831924576425367189
947581263358296741162743958516432897783159624294678315679815432835924176421367589
947581263358296741162743958516432897783159624294678315679815432435927186821364579
947581263358296741162743958516432897783159624294678315679815432431927586825364179
947581263358296741162743958516432897783159624294678315679815432421367589835924176
947581263358296741162743958516432897783159624294678315679815432425367189831924576
947581263358296741162743958516432897783159624294678315671824539829315476435967182
947581263358296741162743958516432897783159624294678315671824539435967182829315476
947581263358296741162743958516432897783159624294678315671825439829314576435967182
947581263358296741162743958516432897783159624294678315671825439835964172429317586
947581263358296741162743958516432897783159624294678315671825439435967182829314576
947581263358296741162743958516432897783159624294678315671825439429317586835964172
947581263358296741162743958516432897783159624294678315671325489429817536835964172
947581263358296741162743958516432897783159624294678315671325489835964172429817536
947581263358296741162743958516432897783159624294678315671324589439865172825917436
947581263358296741162743958516432897783159624294678315671324589825917436439865172
947581263358296741162743958516432897783159624294678315675324189429817536831965472
947581263358296741162743958516432897783159624294678315675324189831965472429817536
947581263358296741162743958516432897783159624294678315675824139831965472429317586
947581263358296741162743958516432897783159624294678315675824139829315476431967582
947581263358296741162743958516432897783159624294678315675824139429317586831965472
947581263358296741162743958516432897783159624294678315675824139431967582829315476
947581263358296741162743958516432897783159624294678315625817439831924576479365182
947581263358296741162743958516432897783159624294678315625817439831964572479325186
947581263358296741162743958516432897783159624294678315625817439479325186831964572
947581263358296741162743958516432897783159624294678315625817439479365182831924576
947581263358296741162743958516432897783159624294678315625317489479865132831924576
947581263358296741162743958516432897783159624294678315625317489479825136831964572
947581263358296741162743958516432897783159624294678315625317489439825176871964532
947581263358296741162743958516432897783159624294678315625317489439865172871924536
947581263358296741162743958516432897783159624294678315625317489871924536439865172
947581263358296741162743958516432897783159624294678315625317489871964532439825176
947581263358296741162743958516432897783159624294678315625317489831924576479865132
947581263358296741162743958516432897783159624294678315625317489831964572479825136
947581263358296741162743958516432897783159624294678315635824179871965432429317586
947581263358296741162743958516432897783159624294678315635824179429317586871965432
947581263358296741162743958516432897783159624294678315635917482821364579479825136
947581263358296741162743958516432897783159624294678315635917482479825136821364579
947581263358296741162743958516432897783159624294678315639815472875924136421367589
947581263358296741162743958516432897783159624294678315639815472871924536425367189
947581263358296741162743958516432897783159624294678315639815472421367589875924136
947581263358296741162743958516432897783159624294678315639815472425367189871924536
947581263358296741162743958516432897783159624294678315639814572425367189871925436
947581263358296741162743958516432897783159624294678315639814572871925436425367189
947581263358296741162743958516432897783159624294678315631824579825917436479365182
947581263358296741162743958516432897783159624294678315631824579479365182825917436
947581263358296741162743958516432897783159624294678315631825479875964132429317586
947581263358296741162743958516432897783159624294678315631825479429317586875964132
947581263358296741162743958516432897783159624294678315479865132625317489831924576
947581263358296741162743958516432897783159624294678315479865132831924576625317489
947581263358296741162743958516432897783159624294678315479825136625317489831964572
947581263358296741162743958516432897783159624294678315479825136635917482821364579
947581263358296741162743958516432897783159624294678315479825136831964572625317489
947581263358296741162743958516432897783159624294678315479825136821364579635917482
947581263358296741162743958516432897783159624294678315479325186625817439831964572
947581263358296741162743958516432897783159624294678315479325186831964572625817439
947581263358296741162743958516432897783159624294678315479365182625817439831924576
947581263358296741162743958516432897783159624294678315479365182631824579825917436
947581263358296741162743958516432897783159624294678315479365182831924576625817439
947581263358296741162743958516432897783159624294678315479365182825917436631824579
947581263358296741162743958516432897783159624294678315421367589875924136639815472
947581263358296741162743958516432897783159624294678315421367589835924176679815432
947581263358296741162743958516432897783159624294678315421367589639815472875924136
947581263358296741162743958516432897783159624294678315421367589679815432835924176
947581263358296741162743958516432897783159624294678315421867539679315482835924176
947581263358296741162743958516432897783159624294678315421867539835924176679315482
947581263358296741162743958516432897783159624294678315425367189639814572871925436
947581263358296741162743958516432897783159624294678315425367189639815472871924536
947581263358296741162743958516432897783159624294678315425367189679815432831924576
947581263358296741162743958516432897783159624294678315425367189679814532831925476
947581263358296741162743958516432897783159624294678315425367189831925476679814532
947581263358296741162743958516432897783159624294678315425367189831924576679815432
947581263358296741162743958516432897783159624294678315425367189871925436639814572
947581263358296741162743958516432897783159624294678315425367189871924536639815472
947581263358296741162743958516432897783159624294678315425867139679315482831924576
947581263358296741162743958516432897783159624294678315425867139679314582831925476
947581263358296741162743958516432897783159624294678315425867139831924576679315482
947581263358296741162743958516432897783159624294678315425867139831925476679314582
947581263358296741162743958516432897783159624294678315429317586835964172671825439
947581263358296741162743958516432897783159624294678315429317586831965472675824139
947581263358296741162743958516432897783159624294678315429317586871965432635824179
947581263358296741162743958516432897783159624294678315429317586875964132631825479
947581263358296741162743958516432897783159624294678315429317586671825439835964172
947581263358296741162743958516432897783159624294678315429317586675824139831965472
947581263358296741162743958516432897783159624294678315429317586635824179871965432
947581263358296741162743958516432897783159624294678315429317586631825479875964132
947581263358296741162743958516432897783159624294678315429817536831965472675324189
947581263358296741162743958516432897783159624294678315429817536835964172671325489
947581263358296741162743958516432897783159624294678315429817536671325489835964172
947581263358296741162743958516432897783159624294678315429817536675324189831965472
947581263358296741162743958516432897783159624294678315431967582675824139829315476
947581263358296741162743958516432897783159624294678315431967582829315476675824139
947581263358296741162743958516432897783159624294678315431927586825364179679815432
947581263358296741162743958516432897783159624294678315431927586679815432825364179
947581263358296741162743958516432897783159624294678315435967182671824539829315476
947581263358296741162743958516432897783159624294678315435967182671825439829314576
947581263358296741162743958516432897783159624294678315435967182829315476671824539
947581263358296741162743958516432897783159624294678315435967182829314576671825439
947581263358296741162743958516432897783159624294678315435927186679815432821364579
947581263358296741162743958516432897783159624294678315435927186679814532821365479
947581263358296741162743958516432897783159624294678315435927186821365479679814532
947581263358296741162743958516432897783159624294678315435927186821364579679815432
947581263358296741162743958516432897783159624294678315439865172671324589825917436
947581263358296741162743958516432897783159624294678315439865172625317489871924536
947581263358296741162743958516432897783159624294678315439865172825917436671324589
947581263358296741162743958516432897783159624294678315439865172871924536625317489
947581263358296741162743958516432897783159624294678315439825176871964532625317489
947581263358296741162743958516432897783159624294678315439825176625317489871964532
947581263358296741162743958516432897783159624294678135429815376835967412671324589
947581263358296741162743958516432897783159624294678135429815376671324589835967412
947581263358296741162743958516432897783159624294678135429317586675824319831965472
947581263358296741162743958516432897783159624294678135429317586631825479875964312
947581263358296741162743958516432897783159624294678135429317586831965472675824319
947581263358296741162743958516432897783159624294678135429317586875964312631825479
947581263358296741162743958516432897783159624294678135421865379835927416679314582
947581263358296741162743958516432897783159624294678135421865379879324516635917482
947581263358296741162743958516432897783159624294678135421865379679314582835927416
947581263358296741162743958516432897783159624294678135421865379635917482879324516
947581263358296741162743958516432897783159624294678135421367589639815472875924316
947581263358296741162743958516432897783159624294678135421367589875924316639815472
947581263358296741162743958516432897783159624294678135425917386631824579879365412
947581263358296741162743958516432897783159624294678135425917386631825479879364512
947581263358296741162743958516432897783159624294678135425917386879365412631824579
947581263358296741162743958516432897783159624294678135425917386879364512631825479
947581263358296741162743958516432897783159624294678135425867319679315482831924576
947581263358296741162743958516432897783159624294678135425867319679314582831925476
947581263358296741162743958516432897783159624294678135425867319831924576679315482
947581263358296741162743958516432897783159624294678135425867319831925476679314582
947581263358296741162743958516432897783159624294678135479865312625317489831924576
947581263358296741162743958516432897783159624294678135479865312831924576625317489
947581263358296741162743958516432897783159624294678135479825316821364579635917482
947581263358296741162743958516432897783159624294678135479825316831964572625317489
947581263358296741162743958516432897783159624294678135479825316625317489831964572
947581263358296741162743958516432897783159624294678135479825316635917482821364579
947581263358296741162743958516432897783159624294678135471965382829314576635827419
947581263358296741162743958516432897783159624294678135471965382635827419829314576
947581263358296741162743958516432897783159624294678135471925386825367419639814572
947581263358296741162743958516432897783159624294678135471925386639814572825367419
947581263358296741162743958516432897783159624294678135439867512671325489825914376
947581263358296741162743958516432897783159624294678135439867512825914376671325489
947581263358296741162743958516432897783159624294678135439827516675914382821365479
947581263358296741162743958516432897783159624294678135439827516821365479675914382
947581263358296741162743958516432897783159624294678135431927586625814379879365412
947581263358296741162743958516432897783159624294678135431927586879365412625814379
947581263358296741162743958516432897783159624294678135431967582879325416625814379
947581263358296741162743958516432897783159624294678135431967582829315476675824319
947581263358296741162743958516432897783159624294678135431967582675824319829315476
947581263358296741162743958516432897783159624294678135431967582625814379879325416
947581263358296741162743958516432897783159624294678135879324516635917482421865379
947581263358296741162743958516432897783159624294678135879324516421865379635917482
947581263358296741162743958516432897783159624294678135879325416431967582625814379
947581263358296741162743958516432897783159624294678135879325416625814379431967582
947581263358296741162743958516432897783159624294678135879364512631825479425917386
947581263358296741162743958516432897783159624294678135879364512425917386631825479
947581263358296741162743958516432897783159624294678135879365412631824579425917386
947581263358296741162743958516432897783159624294678135879365412625814379431927586
947581263358296741162743958516432897783159624294678135879365412425917386631824579
947581263358296741162743958516432897783159624294678135879365412431927586625814379
947581263358296741162743958516432897783159624294678135875964312631825479429317586
947581263358296741162743958516432897783159624294678135875964312429317586631825479
947581263358296741162743958516432897783159624294678135875924316639815472421367589
947581263358296741162743958516432897783159624294678135875924316421367589639815472
947581263358296741162743958516432897783159624294678135829314576635827419471965382
947581263358296741162743958516432897783159624294678135829314576471965382635827419
947581263358296741162743958516432897783159624294678135829315476431967582675824319
947581263358296741162743958516432897783159624294678135829315476675824319431967582
947581263358296741162743958516432897783159624294678135821365479675914382439827516
947581263358296741162743958516432897783159624294678135821365479439827516675914382
947581263358296741162743958516432897783159624294678135821364579479825316635917482
947581263358296741162743958516432897783159624294678135821364579635917482479825316
947581263358296741162743958516432897783159624294678135825914376671325489439867512
947581263358296741162743958516432897783159624294678135825914376439867512671325489
947581263358296741162743958516432897783159624294678135825367419639814572471925386
947581263358296741162743958516432897783159624294678135825367419471925386639814572
947581263358296741162743958516432897783159624294678135835927416421865379679314582
947581263358296741162743958516432897783159624294678135835927416679314582421865379
947581263358296741162743958516432897783159624294678135835967412671324589429815376
947581263358296741162743958516432897783159624294678135835967412429815376671324589
947581263358296741162743958516432897783159624294678135831965472429317586675824319
947581263358296741162743958516432897783159624294678135831965472675824319429317586
947581263358296741162743958516432897783159624294678135831964572479825316625317489
947581263358296741162743958516432897783159624294678135831964572625317489479825316
947581263358296741162743958516432897783159624294678135831925476425867319679314582
947581263358296741162743958516432897783159624294678135831925476679314582425867319
947581263358296741162743958516432897783159624294678135831924576625317489479865312
947581263358296741162743958516432897783159624294678135831924576679315482425867319
947581263358296741162743958516432897783159624294678135831924576425867319679315482
947581263358296741162743958516432897783159624294678135831924576479865312625317489
947581263358296741162743958516432897783159624294678135625317489479825316831964572
947581263358296741162743958516432897783159624294678135625317489479865312831924576
947581263358296741162743958516432897783159624294678135625317489831964572479825316
947581263358296741162743958516432897783159624294678135625317489831924576479865312
947581263358296741162743958516432897783159624294678135625814379431967582879325416
947581263358296741162743958516432897783159624294678135625814379431927586879365412
947581263358296741162743958516432897783159624294678135625814379879325416431967582
947581263358296741162743958516432897783159624294678135625814379879365412431927586
947581263358296741162743958516432897783159624294678135639815472875924316421367589
947581263358296741162743958516432897783159624294678135639815472421367589875924316
947581263358296741162743958516432897783159624294678135639814572825367419471925386
947581263358296741162743958516432897783159624294678135639814572471925386825367419
947581263358296741162743958516432897783159624294678135635917482479825316821364579
947581263358296741162743958516432897783159624294678135635917482421865379879324516
947581263358296741162743958516432897783159624294678135635917482821364579479825316
947581263358296741162743958516432897783159624294678135635917482879324516421865379
947581263358296741162743958516432897783159624294678135635827419829314576471965382
947581263358296741162743958516432897783159624294678135635827419471965382829314576
947581263358296741162743958516432897783159624294678135631825479425917386879364512
947581263358296741162743958516432897783159624294678135631825479429317586875964312
947581263358296741162743958516432897783159624294678135631825479875964312429317586
947581263358296741162743958516432897783159624294678135631825479879364512425917386
947581263358296741162743958516432897783159624294678135631824579879365412425917386
947581263358296741162743958516432897783159624294678135631824579425917386879365412
947581263358296741162743958516432897783159624294678135675824319831965472429317586
947581263358296741162743958516432897783159624294678135675824319829315476431967582
947581263358296741162743958516432897783159624294678135675824319431967582829315476
947581263358296741162743958516432897783159624294678135675824319429317586831965472
947581263358296741162743958516432897783159624294678135675914382821365479439827516
947581263358296741162743958516432897783159624294678135675914382439827516821365479
947581263358296741162743958516432897783159624294678135679315482831924576425867319
947581263358296741162743958516432897783159624294678135679315482425867319831924576
947581263358296741162743958516432897783159624294678135679314582831925476425867319
947581263358296741162743958516432897783159624294678135679314582835927416421865379
947581263358296741162743958516432897783159624294678135679314582425867319831925476
947581263358296741162743958516432897783159624294678135679314582421865379835927416
947581263358296741162743958516432897783159624294678135671324589429815376835967412
947581263358296741162743958516432897783159624294678135671324589835967412429815376
947581263358296741162743958516432897783159624294678135671325489439867512825914376
947581263358296741162743958516432897783159624294678135671325489825914376439867512
947581263358296741162743958516432897783159624429867135274615389635978412891324576
947581263358296741162743958516432897783159624429867135274615389695378412831924576
947581263358296741162743958516432897783159624429867135274615389891324576635978412
947581263358296741162743958516432897783159624429867135274615389831924576695378412
947581263358296741162743958516432897783159624429867135274915386831624579695378412
947581263358296741162743958516432897783159624429867135274915386695378412831624579
947581263358296741162743958516432897783159624429867135275614389694378512831925476
947581263358296741162743958516432897783159624429867135275614389634978512891325476
947581263358296741162743958516432897783159624429867135275614389831925476694378512
947581263358296741162743958516432897783159624429867135275614389891325476634978512
947581263358296741162743958516432897783159624429867135275914386694378512831625479
947581263358296741162743958516432897783159624429867135275914386831625479694378512
947581263358296741162743958516432897783159624429867135291374586635918472874625319
947581263358296741162743958516432897783159624429867135291374586874625319635918472
947581263358296741162743958516432897783159624429867135291375486634918572875624319
947581263358296741162743958516432897783159624429867135291375486875624319634918572
947581263358296741162743958516432897783159624429867135295378416674915382831624579
947581263358296741162743958516432897783159624429867135295378416831624579674915382
947581263358296741162743958516432897783159624429867135295318476874625319631974582
947581263358296741162743958516432897783159624429867135295318476631974582874625319
947581263358296741162743958516432897783159624429867135294378516831625479675914382
947581263358296741162743958516432897783159624429867135294378516675914382831625479
947581263358296741162743958516432897783159624429867135294318576875624319631975482
947581263358296741162743958516432897783159624429867135294318576631975482875624319
947581263358296741162743958516432897783159624429867135234678519891325476675914382
947581263358296741162743958516432897783159624429867135234678519675914382891325476
947581263358296741162743958516432897783159624429867135234618579691375482875924316
947581263358296741162743958516432897783159624429867135234618579875924316691375482
947581263358296741162743958516432897783159624429867135234918576671325489895674312
947581263358296741162743958516432897783159624429867135234918576691375482875624319
947581263358296741162743958516432897783159624429867135234918576875624319691375482
947581263358296741162743958516432897783159624429867135234918576895674312671325489
947581263358296741162743958516432897783159624429867135234978516895614372671325489
947581263358296741162743958516432897783159624429867135234978516671325489895614372
947581263358296741162743958516432897783159624429867135231675489875924316694318572
947581263358296741162743958516432897783159624429867135231675489694318572875924316
947581263358296741162743958516432897783159624429867135231674589695318472874925316
947581263358296741162743958516432897783159624429867135231674589874925316695318472
947581263358296741162743958516432897783159624429867135231975486694318572875624319
947581263358296741162743958516432897783159624429867135231975486674328519895614372
947581263358296741162743958516432897783159624429867135231975486895614372674328519
947581263358296741162743958516432897783159624429867135231975486875624319694318572
947581263358296741162743958516432897783159624429867135231974586695318472874625319
947581263358296741162743958516432897783159624429867135231974586675328419894615372
947581263358296741162743958516432897783159624429867135231974586894615372675328419
947581263358296741162743958516432897783159624429867135231974586874625319695318472
947581263358296741162743958516432897783159624429867135235978416671324589894615372
947581263358296741162743958516432897783159624429867135235978416894615372671324589
947581263358296741162743958516432897783159624429867135235918476874625319691374582
947581263358296741162743958516432897783159624429867135235918476894675312671324589
947581263358296741162743958516432897783159624429867135235918476671324589894675312
947581263358296741162743958516432897783159624429867135235918476691374582874625319
947581263358296741162743958516432897783159624429867135235678419674915382891324576
947581263358296741162743958516432897783159624429867135235678419891324576674915382
947581263358296741162743958516432897783159624429867135235618479691374582874925316
947581263358296741162743958516432897783159624429867135235618479874925316691374582
947581263358296741162743958516432897783159624429867135895674312234918576671325489
947581263358296741162743958516432897783159624429867135895674312671325489234918576
947581263358296741162743958516432897783159624429867135895614372671325489234978516
947581263358296741162743958516432897783159624429867135895614372674328519231975486
947581263358296741162743958516432897783159624429867135895614372234978516671325489
947581263358296741162743958516432897783159624429867135895614372231975486674328519
947581263358296741162743958516432897783159624429867135891324576635978412274615389
947581263358296741162743958516432897783159624429867135891324576674915382235678419
947581263358296741162743958516432897783159624429867135891324576235678419674915382
947581263358296741162743958516432897783159624429867135891324576274615389635978412
947581263358296741162743958516432897783159624429867135891325476275614389634978512
947581263358296741162743958516432897783159624429867135891325476234678519675914382
947581263358296741162743958516432897783159624429867135891325476634978512275614389
947581263358296741162743958516432897783159624429867135891325476675914382234678519
947581263358296741162743958516432897783159624429867135894675312235918476671324589
947581263358296741162743958516432897783159624429867135894675312671324589235918476
947581263358296741162743958516432897783159624429867135894615372675328419231974586
947581263358296741162743958516432897783159624429867135894615372671324589235978416
947581263358296741162743958516432897783159624429867135894615372235978416671324589
947581263358296741162743958516432897783159624429867135894615372231974586675328419
947581263358296741162743958516432897783159624429867135874925316235618479691374582
947581263358296741162743958516432897783159624429867135874925316231674589695318472
947581263358296741162743958516432897783159624429867135874925316691374582235618479
947581263358296741162743958516432897783159624429867135874925316695318472231674589
947581263358296741162743958516432897783159624429867135874625319231974586695318472
947581263358296741162743958516432897783159624429867135874625319235918476691374582
947581263358296741162743958516432897783159624429867135874625319295318476631974582
947581263358296741162743958516432897783159624429867135874625319291374586635918472
947581263358296741162743958516432897783159624429867135874625319691374582235918476
947581263358296741162743958516432897783159624429867135874625319695318472231974586
947581263358296741162743958516432897783159624429867135874625319631974582295318476
947581263358296741162743958516432897783159624429867135874625319635918472291374586
947581263358296741162743958516432897783159624429867135875924316691375482234618579
947581263358296741162743958516432897783159624429867135875924316694318572231675489
947581263358296741162743958516432897783159624429867135875924316231675489694318572
947581263358296741162743958516432897783159624429867135875924316234618579691375482
947581263358296741162743958516432897783159624429867135875624319634918572291375486
947581263358296741162743958516432897783159624429867135875624319631975482294318576
947581263358296741162743958516432897783159624429867135875624319694318572231975486
947581263358296741162743958516432897783159624429867135875624319691375482234918576
947581263358296741162743958516432897783159624429867135875624319291375486634918572
947581263358296741162743958516432897783159624429867135875624319294318576631975482
947581263358296741162743958516432897783159624429867135875624319234918576691375482
947581263358296741162743958516432897783159624429867135875624319231975486694318572
947581263358296741162743958516432897783159624429867135831625479694378512275914386
947581263358296741162743958516432897783159624429867135831625479675914382294378516
947581263358296741162743958516432897783159624429867135831625479294378516675914382
947581263358296741162743958516432897783159624429867135831625479275914386694378512
947581263358296741162743958516432897783159624429867135831624579674915382295378416
947581263358296741162743958516432897783159624429867135831624579695378412274915386
947581263358296741162743958516432897783159624429867135831624579274915386695378412
947581263358296741162743958516432897783159624429867135831624579295378416674915382
947581263358296741162743958516432897783159624429867135831924576274615389695378412
947581263358296741162743958516432897783159624429867135831924576695378412274615389
947581263358296741162743958516432897783159624429867135831925476275614389694378512
947581263358296741162743958516432897783159624429867135831925476694378512275614389
947581263358296741162743958516432897783159624429867135635978412891324576274615389
947581263358296741162743958516432897783159624429867135635978412274615389891324576
947581263358296741162743958516432897783159624429867135635918472874625319291374586
947581263358296741162743958516432897783159624429867135635918472291374586874625319
947581263358296741162743958516432897783159624429867135631975482875624319294318576
947581263358296741162743958516432897783159624429867135631975482294318576875624319
947581263358296741162743958516432897783159624429867135631974582874625319295318476
947581263358296741162743958516432897783159624429867135631974582295318476874625319
947581263358296741162743958516432897783159624429867135634918572875624319291375486
947581263358296741162743958516432897783159624429867135634918572291375486875624319
947581263358296741162743958516432897783159624429867135634978512275614389891325476
947581263358296741162743958516432897783159624429867135634978512891325476275614389
947581263358296741162743958516432897783159624429867135694318572875924316231675489
947581263358296741162743958516432897783159624429867135694318572875624319231975486
947581263358296741162743958516432897783159624429867135694318572231975486875624319
947581263358296741162743958516432897783159624429867135694318572231675489875924316
947581263358296741162743958516432897783159624429867135694378512275614389831925476
947581263358296741162743958516432897783159624429867135694378512275914386831625479
947581263358296741162743958516432897783159624429867135694378512831625479275914386
947581263358296741162743958516432897783159624429867135694378512831925476275614389
947581263358296741162743958516432897783159624429867135695318472874925316231674589
947581263358296741162743958516432897783159624429867135695318472874625319231974586
947581263358296741162743958516432897783159624429867135695318472231674589874925316
947581263358296741162743958516432897783159624429867135695318472231974586874625319
947581263358296741162743958516432897783159624429867135695378412831624579274915386
947581263358296741162743958516432897783159624429867135695378412831924576274615389
947581263358296741162743958516432897783159624429867135695378412274915386831624579
947581263358296741162743958516432897783159624429867135695378412274615389831924576
947581263358296741162743958516432897783159624429867135691375482875924316234618579
947581263358296741162743958516432897783159624429867135691375482875624319234918576
947581263358296741162743958516432897783159624429867135691375482234618579875924316
947581263358296741162743958516432897783159624429867135691375482234918576875624319
947581263358296741162743958516432897783159624429867135691374582235618479874925316
947581263358296741162743958516432897783159624429867135691374582235918476874625319
947581263358296741162743958516432897783159624429867135691374582874925316235618479
947581263358296741162743958516432897783159624429867135691374582874625319235918476
947581263358296741162743958516432897783159624429867135675914382831625479294378516
947581263358296741162743958516432897783159624429867135675914382891325476234678519
947581263358296741162743958516432897783159624429867135675914382234678519891325476
947581263358296741162743958516432897783159624429867135675914382294378516831625479
947581263358296741162743958516432897783159624429867135675328419894615372231974586
947581263358296741162743958516432897783159624429867135675328419231974586894615372
947581263358296741162743958516432897783159624429867135674915382891324576235678419
947581263358296741162743958516432897783159624429867135674915382831624579295378416
947581263358296741162743958516432897783159624429867135674915382235678419891324576
947581263358296741162743958516432897783159624429867135674915382295378416831624579
947581263358296741162743958516432897783159624429867135674328519895614372231975486
947581263358296741162743958516432897783159624429867135674328519231975486895614372
947581263358296741162743958516432897783159624429867135671325489895674312234918576
947581263358296741162743958516432897783159624429867135671325489895614372234978516
947581263358296741162743958516432897783159624429867135671325489234978516895614372
947581263358296741162743958516432897783159624429867135671325489234918576895674312
947581263358296741162743958516432897783159624429867135671324589894675312235918476
947581263358296741162743958516432897783159624429867135671324589894615372235978416
947581263358296741162743958516432897783159624429867135671324589235978416894615372
947581263358296741162743958516432897783159624429867135671324589235918476894675312
947581263358296741162743958516432897783159624429867315275918436694375182831624579
947581263358296741162743958516432897783159624429867315275918436691374582834625179
947581263358296741162743958516432897783159624429867315275918436834625179691374582
947581263358296741162743958516432897783159624429867315275918436831624579694375182
947581263358296741162743958516432897783159624429867315275618439834925176691374582
947581263358296741162743958516432897783159624429867315275618439831924576694375182
947581263358296741162743958516432897783159624429867315275618439891324576634975182
947581263358296741162743958516432897783159624429867315275618439894325176631974582
947581263358296741162743958516432897783159624429867315275618439694375182831924576
947581263358296741162743958516432897783159624429867315275618439691374582834925176
947581263358296741162743958516432897783159624429867315275618439631974582894325176
947581263358296741162743958516432897783159624429867315275618439634975182891324576
947581263358296741162743958516432897783159624429867315274618539695374182831925476
947581263358296741162743958516432897783159624429867315274618539691375482835924176
947581263358296741162743958516432897783159624429867315274618539631975482895324176
947581263358296741162743958516432897783159624429867315274618539635974182891325476
947581263358296741162743958516432897783159624429867315274618539891325476635974182
947581263358296741162743958516432897783159624429867315274618539895324176631975482
947581263358296741162743958516432897783159624429867315274618539831925476695374182
947581263358296741162743958516432897783159624429867315274618539835924176691375482
947581263358296741162743958516432897783159624429867315274918536691375482835624179
947581263358296741162743958516432897783159624429867315274918536695374182831625479
947581263358296741162743958516432897783159624429867315274918536831625479695374182
947581263358296741162743958516432897783159624429867315274918536835624179691375482
947581263358296741162743958516432897783159624429867315294318576875624139631975482
947581263358296741162743958516432897783159624429867315294318576871625439635974182
947581263358296741162743958516432897783159624429867315294318576631975482875624139
947581263358296741162743958516432897783159624429867315294318576635974182871625439
947581263358296741162743958516432897783159624429867315294375186675918432831624579
947581263358296741162743958516432897783159624429867315294375186635918472871624539
947581263358296741162743958516432897783159624429867315294375186831624579675918432
947581263358296741162743958516432897783159624429867315294375186871624539635918472
947581263358296741162743958516432897783159624429867315295374186674918532831625479
947581263358296741162743958516432897783159624429867315295374186634918572871625439
947581263358296741162743958516432897783159624429867315295374186871625439634918572
947581263358296741162743958516432897783159624429867315295374186831625479674918532
947581263358296741162743958516432897783159624429867315295318476874625139631974582
947581263358296741162743958516432897783159624429867315295318476871624539634975182
947581263358296741162743958516432897783159624429867315295318476631974582874625139
947581263358296741162743958516432897783159624429867315295318476634975182871624539
947581263358296741162743958516432897783159624429867315291375486634918572875624139
947581263358296741162743958516432897783159624429867315291375486674918532835624179
947581263358296741162743958516432897783159624429867315291375486835624179674918532
947581263358296741162743958516432897783159624429867315291375486875624139634918572
947581263358296741162743958516432897783159624429867315291374586635918472874625139
947581263358296741162743958516432897783159624429867315291374586675918432834625179
947581263358296741162743958516432897783159624429867315291374586874625139635918472
947581263358296741162743958516432897783159624429867315291374586834625179675918432
947581263358296741162743958516432897783159624429867315235918476674325189891674532
947581263358296741162743958516432897783159624429867315235918476671324589894675132
947581263358296741162743958516432897783159624429867315235918476694375182871624539
947581263358296741162743958516432897783159624429867315235918476691374582874625139
947581263358296741162743958516432897783159624429867315235918476871624539694375182
947581263358296741162743958516432897783159624429867315235918476874625139691374582
947581263358296741162743958516432897783159624429867315235918476894675132671324589
947581263358296741162743958516432897783159624429867315235918476891674532674325189
947581263358296741162743958516432897783159624429867315235974186694318572871625439
947581263358296741162743958516432897783159624429867315235974186871625439694318572
947581263358296741162743958516432897783159624429867315235618479691374582874925136
947581263358296741162743958516432897783159624429867315235618479694375182871924536
947581263358296741162743958516432897783159624429867315235618479871924536694375182
947581263358296741162743958516432897783159624429867315235618479874925136691374582
947581263358296741162743958516432897783159624429867315235674189891325476674918532
947581263358296741162743958516432897783159624429867315235674189871925436694318572
947581263358296741162743958516432897783159624429867315235674189694318572871925436
947581263358296741162743958516432897783159624429867315235674189674918532891325476
947581263358296741162743958516432897783159624429867315234675189675918432891324576
947581263358296741162743958516432897783159624429867315234675189695318472871924536
947581263358296741162743958516432897783159624429867315234675189891324576675918432
947581263358296741162743958516432897783159624429867315234675189871924536695318472
947581263358296741162743958516432897783159624429867315234618579691375482875924136
947581263358296741162743958516432897783159624429867315234618579695374182871925436
947581263358296741162743958516432897783159624429867315234618579871925436695374182
947581263358296741162743958516432897783159624429867315234618579875924136691375482
947581263358296741162743958516432897783159624429867315234918576891675432675324189
947581263358296741162743958516432897783159624429867315234918576895674132671325489
947581263358296741162743958516432897783159624429867315234918576875624139691375482
947581263358296741162743958516432897783159624429867315234918576871625439695374182
947581263358296741162743958516432897783159624429867315234918576671325489895674132
947581263358296741162743958516432897783159624429867315234918576675324189891675432
947581263358296741162743958516432897783159624429867315234918576695374182871625439
947581263358296741162743958516432897783159624429867315234918576691375482875624139
947581263358296741162743958516432897783159624429867315234975186871624539695318472
947581263358296741162743958516432897783159624429867315234975186695318472871624539
947581263358296741162743958516432897783159624429867315231674589695318472874925136
947581263358296741162743958516432897783159624429867315231674589675918432894325176
947581263358296741162743958516432897783159624429867315231674589874925136695318472
947581263358296741162743958516432897783159624429867315231674589894325176675918432
947581263358296741162743958516432897783159624429867315231675489674918532895324176
947581263358296741162743958516432897783159624429867315231675489694318572875924136
947581263358296741162743958516432897783159624429867315231675489875924136694318572
947581263358296741162743958516432897783159624429867315231675489895324176674918532
947581263358296741162743958516432897783159624429867315231974586695318472874625139
947581263358296741162743958516432897783159624429867315231974586874625139695318472
947581263358296741162743958516432897783159624429867315231975486694318572875624139
947581263358296741162743958516432897783159624429867315231975486875624139694318572
947581263358296741162743958516432897783159624429867315691374582235918476874625139
947581263358296741162743958516432897783159624429867315691374582235618479874925136
947581263358296741162743958516432897783159624429867315691374582275618439834925176
947581263358296741162743958516432897783159624429867315691374582275918436834625179
947581263358296741162743958516432897783159624429867315691374582874625139235918476
947581263358296741162743958516432897783159624429867315691374582874925136235618479
947581263358296741162743958516432897783159624429867315691374582834925176275618439
947581263358296741162743958516432897783159624429867315691374582834625179275918436
947581263358296741162743958516432897783159624429867315691375482835624179274918536
947581263358296741162743958516432897783159624429867315691375482835924176274618539
947581263358296741162743958516432897783159624429867315691375482875624139234918576
947581263358296741162743958516432897783159624429867315691375482875924136234618579
947581263358296741162743958516432897783159624429867315691375482234618579875924136
947581263358296741162743958516432897783159624429867315691375482234918576875624139
947581263358296741162743958516432897783159624429867315691375482274918536835624179
947581263358296741162743958516432897783159624429867315691375482274618539835924176
947581263358296741162743958516432897783159624429867315694375182871924536235618479
947581263358296741162743958516432897783159624429867315694375182871624539235918476
947581263358296741162743958516432897783159624429867315694375182831624579275918436
947581263358296741162743958516432897783159624429867315694375182831924576275618439
947581263358296741162743958516432897783159624429867315694375182275918436831624579
947581263358296741162743958516432897783159624429867315694375182275618439831924576
947581263358296741162743958516432897783159624429867315694375182235618479871924536
947581263358296741162743958516432897783159624429867315694375182235918476871624539
947581263358296741162743958516432897783159624429867315694318572871625439235974186
947581263358296741162743958516432897783159624429867315694318572871925436235674189
947581263358296741162743958516432897783159624429867315694318572875624139231975486
947581263358296741162743958516432897783159624429867315694318572875924136231675489
947581263358296741162743958516432897783159624429867315694318572231975486875624139
947581263358296741162743958516432897783159624429867315694318572231675489875924136
947581263358296741162743958516432897783159624429867315694318572235674189871925436
947581263358296741162743958516432897783159624429867315694318572235974186871625439
947581263358296741162743958516432897783159624429867315695374182871925436234618579
947581263358296741162743958516432897783159624429867315695374182871625439234918576
947581263358296741162743958516432897783159624429867315695374182831625479274918536
947581263358296741162743958516432897783159624429867315695374182831925476274618539
947581263358296741162743958516432897783159624429867315695374182274618539831925476
947581263358296741162743958516432897783159624429867315695374182274918536831625479
947581263358296741162743958516432897783159624429867315695374182234618579871925436
947581263358296741162743958516432897783159624429867315695374182234918576871625439